4.497959183	62
5.108866213	65
5.704081632	69
5.839569160	69
6.325192743	67
7.569931972	0	
8.918594104	60	
9.217800453	60
9.513605442	60
9.648095238	64
10.020453514	64
10.296077097	67
10.580249433	67
10.873922902	65	I've come to talk with you again.
12.670521541	0
13.502040816	65
13.995918367	65
14.259365079	69
14.865623582	72
15.443696145	74
15.937619047	74
16.210430839	72	Because a vision softly creeping
17.400204081	0
18.232517006	65
18.526439909	65
18.831632653	69
19.144217687	69
19.413197278	72
19.709614512	72
20.003514739	74
20.534807256	74
20.820000000	72	Left its seeds while I was sleeping
21.944557823	0
22.844897959	65
23.130362811	65
23.417120181	74
24.577324263	0
25.115328798	74	And the vision
25.373968253	76
25.670476190	77
26.793242630	76
27.048548752	74
27.589931972	72	That was planted in my brain
28.318548752	0
29.550068027	74
29.758752834	72
30.109773242	69
31.099455782	0
32.702040816	65	Still remains
33.205170068	65
33.504784580	72
34.915306122	0
35.528571428	64
35.853061224	65
36.134693877	62	Within the sound of silence.
37.548616780	0
38.502358276	62
38.757324263	62
39.408163265	65
39.687755102	65
40.032653061	69
40.340816326	69
40.599183673	67	In restless dreams I walked alone
42.798299319	0
43.367346938	60
44.016326530	64
44.291836734	64
44.530612244	70
45.090136054	65	Narrow streets of cobblestone
47.296893424	0
47.881882086	65
48.196712018	65
48.500000000	69
49.045147392	72
49.385034013	72
49.700294784	74
50.236734693	74
50.493401360	72	'Neath the halo of a streetlamp
51.393718820	0
52.226530612	65
52.523877551	65
52.765782312	65
53.081632653	69
53.714104308	72
53.963265306	72
54.244897959	74
54.825056689	74
55.119478458	72	I turned my collar to the cold and damp
55.951700680	0
57.067460317	65
57.356145124	65
57.646326530	74
58.196213151	74
58.484467120	74	When my eyes were stabbed
59.402040816	74
59.708163265	76
59.977551020	77
60.583673469	77
60.865306122	77
61.111541950	76
61.428344671	74
62.008662131	72	By the flash of a neon light
62.508321995	0
63.655396825	69
63.867868480	74
64.193174603	72
64.491723356	69	
65.260861678	0
67.095895691	65	That split the night
67.402040816	65
67.715034013	65
67.976258503	72	
69.502857142	0
69.992585034	64
70.312993197	65
70.572176870	62	And touched the sound of silence.
72.061224489	0
72.925532879	62
73.178594104	62
73.470430839	62
73.766349206	65
74.295918367	69
74.584716553	69
74.915328798	67	And in the naked light I saw
76.843764172	0
77.370975056	60
77.631836734	60
78.225873015	60
78.794716553	67
79.355079365	65	Ten thousand people, maybe more
81.229070294	0
82.186643990	65
82.720521541	69
83.241111111	72
83.526394557	72
83.846938775	74
84.446938775	74
84.692448979	72	People talking without speaking
86.015646258	0
86.656371882	65
87.208163265	69
87.704625850	72
88.038775510	72
88.320408163	74
88.833537414	74
89.177551020	72	People hearing without listening
90.458276643	0
91.136349206	65
91.658004535	69
92.007641723	72
92.784013605	74	People writing songs
94.531904761	76
94.969750566	77
96.093242630	76
96.434897959	74
96.973832199	72	That voices never share
97.767120181	0
98.855079365	74
99.146848072	72
99.435873015	69
100.375374149	0
102.070453514	65	No one dare
102.548820861	65
102.829229024	72
104.617369614	0
104.847709750	64
105.179591836	65
105.463265306	62	Disturb the sound of silence.
107.024988662	0
107.976961451	62
108.245215419	62
108.497959183	65
108.788049886	65
109.098276643	69
109.353083900	69
109.630453514	67	Fools, said I, You do not know
111.897551020	0
112.398662131	60
112.924036281	60
113.195147392	60
113.480997732	67
114.003832199	65	Silence like a cancer grows
115.967573696	0
116.804943310	65
117.038253968	65
117.299297052	69
117.533560090	69
117.841927437	72
118.078526077	72
118.389138321	74
118.926916099	74
119.201814058	72	Hear my words that I might teach you
120.037596371	0
121.093718820	65
121.378072562	65
121.677482993	69
121.955011337	69
122.279501133	72
122.536485260	72
122.826666666	74
123.384195011	74
123.651496598	72	Take my arms that I might reach you
124.709523809	0
125.593083900	65
125.845238095	65
126.097029478	74	But my words
127.798004535	76
128.284784580	77
129.342834467	76
129.667755102	74
130.475510204	72	Like silent raindrops fell
131.208390022	0
134.786870748	65
134.989614512	65
136.898639455	65	And echoed in the wells of silence.
137.146712018	72
139.167346938	64
139.493877551	65
139.765306122	62
141.555419501	0
142.269727891	62
142.513582766	62
142.765328798	65
143.381632653	69
143.610975056	69
143.959297052	67	And the people bowed and prayed
146.141360544	0
146.625736961	60
146.889297052	60
147.166802721	60
147.734965986	67
148.007256235	64
148.279410430	65	To the neon god they made
150.383356009	0
151.000000000	65
151.291927437	65
151.562131519	69
151.890453514	69
152.181632653	72
152.446938775	72
152.728571428	74
153.251020408	74
153.495918367	72	And the sign flashed out its warning
154.797324263	0
155.436734693	65
155.685714285	65
155.927256235	69
156.291836734	69
156.540816326	72
156.806122448	72
157.100000000	74
157.651020408	74
157.918367346	72	In the words that it was forming
159.211292517	0
159.814285714	65
160.091836734	65
160.389795918	69
160.944897959	72
161.197959183	72
161.426439909	74
162.030612244	74
162.295918367	74
162.574648526	74	And the sign said the words of the prophets
163.136734693	76
163.655102040	77
164.224489795	77
164.506122448	77
164.777551020	76
165.015102040	74
165.526462585	72	Are written on the subway walls
166.319501133	0
167.192199546	72
167.458911564	74
167.769614512	72
168.096145124	69	And tenement halls
169.059183673	0
170.091315192	64
170.414285714	65
170.697959183	65
172.322448979	65	And whispered in the sounds of silence.
172.442857142	65
172.744897959	72
174.419024943	0
175.595918367	64
176.087755102	65
176.410204081	62
178.021904761	0
